hostuser@84bb75367bbb:/code/CODE/3dnparticles$ gcc universe_004_batch_01.c -o universe_004_batch_01 -lSDL2 -lm
hostuser@84bb75367bbb:/code/CODE/3dnparticles$ ./universe_004_batch_01 --batch 2 37 100
Starting batch simulation for n=2 to 37 (100 runs each)
----------------------------------------
#defines:
MAX_STRUCTURES 1000
BUFFER_SIZE 50
STAB_THRESHOLD 1.000000e-06
MAX_STABILIZATION_STEPS 10000000
EQUIVALENCE_THRESHOLD 1.000000e-04
MASS_0 0.330000
ATN_COEF 0.900000
WIDTH 1300
HEIGHT 850
MAX_PARTICLES 500
INITIAL_FLIP_DISTANCE 12.000000
V_0_INIT 0.001000
ADD_DIST_MUL 0.270000
Z_SCALE 1.200000e+00
Z_SCALE_CONST 5.000000e-02
G_CONSTANT_ATTRACTIVE 7.000000
G_CONSTANT_REPULSIVE 5.000000
INITIAL_TIME_STEP 1.000000e-03
MAX_DISPLACEMENT_RATIO 0.005000
MIN_DISPLACEMENT_RATIO 0.000100
----------------------------------------
NS(2)[0]: [0.893903, 0.893903]
NS(3)[0]: [0.893903, 0.893903, 0.893904]
NS(4)[0]: [0.893903, 0.893903, 0.893903, 0.893903]
NS(4)[29]: [0.893775, 0.893775, 0.893789, 0.893789]
NS(5)[0]: [0.860034, 0.860034, 0.860034, 0.860034, 0.860035]
NS(5)[23]: [0.893781, 0.893781, 0.893843, 0.893843, 0.893851]
NS(5)[55]: [0.893827, 0.893827, 0.893948, 0.893993, 0.893993]
NS(6)[0]: [0.863977, 0.863977, 0.863977, 0.863977, 0.863977, 0.863977]
NS(7)[0]: [0.814548, 0.814548, 0.814548, 0.814548, 0.814548, 0.869391, 0.869391]
NS(7)[5]: [0.815011, 0.815011, 0.815011, 0.815013, 0.828887, 0.828887, 0.828887]
NS(7)[9]: [0.893780, 0.893780, 0.893829, 0.893829, 0.893837, 0.893840, 0.893840]
NS(7)[56]: [0.860005, 0.860005, 0.860042, 0.860042, 0.860067, 0.893852, 0.893852]
NS(8)[0]: [0.804447, 0.804447, 0.804447, 0.804447, 0.804447, 0.804447, 0.804447, 0.804447]
NS(9)[0]: [0.810554, 0.810554, 0.810554, 0.810554, 0.810554, 0.810554, 0.810554, 0.810554, 0.810554]
NS(9)[38]: [0.749479, 0.749479, 0.749479, 0.749479, 0.749479, 0.749485, 0.749485, 0.749485, 0.749485]
NS(10)[0]: [0.789247, 0.789247, 0.789247, 0.789247, 0.789247, 0.789247, 0.789247, 0.789247, 0.798077, 0.798078]
NS(10)[1]: [0.770137, 0.770137, 0.770137, 0.770137, 0.802899, 0.802899, 0.802899, 0.805615, 0.805615, 0.805615]
NS(10)[7]: [0.749623, 0.749623, 0.749623, 0.749623, 0.749623, 0.749623, 0.749623, 0.765110, 0.765110, 0.765115]
NS(11)[0]: [0.756845, 0.756845, 0.756845, 0.756846, 0.756847, 0.756848, 0.756849, 0.756850, 0.756850, 0.789823, 0.789823]
NS(12)[0]: [0.767703, 0.767703, 0.767705, 0.767707, 0.767710, 0.767711, 0.786336, 0.786336, 0.786336, 0.786337, 0.786337, 0.795193]
NS(12)[1]: [0.734772, 0.734772, 0.768408, 0.768408, 0.768424, 0.768424, 0.772441, 0.772449, 0.779231, 0.779231, 0.788073, 0.788073]
NS(13)[0]: [0.779125, 0.779125, 0.779125, 0.779125, 0.779125, 0.779125, 0.779125, 0.779125, 0.779126, 0.779126, 0.779126, 0.779126, 0.779126]
NS(14)[0]: [0.725861, 0.725861, 0.725861, 0.744871, 0.744871, 0.744873, 0.749170, 0.749170, 0.749172, 0.749172, 0.770960, 0.770964, 0.783549, 0.783549]
NS(15)[0]: [0.736694, 0.736694, 0.736694, 0.736694, 0.736694, 0.736694, 0.736694, 0.736694, 0.736694, 0.736694, 0.736694, 0.736694, 0.741501, 0.741502, 0.741502]
NS(16)[0]: [0.708153, 0.708153, 0.708153, 0.708153, 0.708153, 0.708153, 0.743576, 0.743576, 0.743576, 0.743576, 0.743576, 0.743576, 0.752606, 0.752606, 0.752606, 0.752606]
NS(16)[84]: [0.627155, 0.627155, 0.698344, 0.698345, 0.704694, 0.704694, 0.704696, 0.704696, 0.738791, 0.738792, 0.738792, 0.738793, 0.766816, 0.766816, 0.781632, 0.785086]
NS(17)[0]: [0.711317, 0.711317, 0.711317, 0.711317, 0.711317, 0.711317, 0.711317, 0.711317, 0.711317, 0.711317, 0.711317, 0.711317, 0.755743, 0.755743, 0.755743, 0.755743, 0.755743]
NS(17)[3]: [0.622004, 0.622004, 0.708349, 0.708349, 0.708349, 0.708349, 0.708349, 0.708349, 0.724441, 0.724441, 0.724441, 0.724441, 0.724441, 0.724441, 0.781413, 0.781414, 0.781414]
NS(17)[13]: [0.719224, 0.719224, 0.719224, 0.719224, 0.719224, 0.719224, 0.719225, 0.719225, 0.735545, 0.735545, 0.735545, 0.735545, 0.735545, 0.735545, 0.735545, 0.735545, 0.798297]
NS(18)[0]: [0.618269, 0.618269, 0.700028, 0.700028, 0.717890, 0.717890, 0.717890, 0.717890, 0.723993, 0.723993, 0.729296, 0.729296, 0.733879, 0.733879, 0.747882, 0.747882, 0.757904, 0.757904]
NS(18)[1]: [0.621175, 0.621175, 0.695530, 0.695533, 0.705857, 0.716718, 0.727389, 0.727389, 0.727393, 0.727393, 0.729860, 0.736034, 0.736034, 0.736039, 0.736039, 0.740406, 0.740406, 0.755468]
NS(18)[2]: [0.715345, 0.715345, 0.715345, 0.715345, 0.724469, 0.724469, 0.724469, 0.724469, 0.724470, 0.724470, 0.737696, 0.737696, 0.737696, 0.737696, 0.737697, 0.737697, 0.745959, 0.745959]
NS(18)[3]: [0.728299, 0.728299, 0.728299, 0.728299, 0.728299, 0.728299, 0.728305, 0.728305, 0.729128, 0.729128, 0.729128, 0.729128, 0.738002, 0.738002, 0.738002, 0.738002, 0.738002, 0.772262]
NS(18)[6]: [0.612750, 0.612750, 0.684160, 0.684160, 0.692621, 0.692621, 0.715194, 0.715194, 0.715198, 0.715198, 0.726842, 0.726842, 0.728667, 0.728667, 0.728671, 0.728671, 0.769655, 0.769655]
NS(18)[69]: [0.620882, 0.620882, 0.698317, 0.717979, 0.717979, 0.717980, 0.723251, 0.723251, 0.723251, 0.723251, 0.723251, 0.723251, 0.731157, 0.731157, 0.731160, 0.731160, 0.731160, 0.731160]
NS(18)[90]: [0.703551, 0.703551, 0.703551, 0.703551, 0.719757, 0.719757, 0.719757, 0.719757, 0.719757, 0.719757, 0.724408, 0.724408, 0.731409, 0.731409, 0.731409, 0.731409, 0.735154, 0.753801]
NS(19)[0]: [0.613281, 0.613281, 0.685906, 0.716687, 0.716687, 0.718451, 0.718451, 0.723592, 0.723592, 0.723592, 0.723592, 0.723592, 0.723592, 0.725006, 0.725006, 0.735924, 0.735924, 0.735925, 0.735925]
NS(19)[4]: [0.625136, 0.625136, 0.701151, 0.701151, 0.739339, 0.739339, 0.739339, 0.739339, 0.739339, 0.739339, 0.739339, 0.739339, 0.739339, 0.739339, 0.739339, 0.739339, 0.739339, 0.739339, 0.739339]
NS(19)[63]: [0.639997, 0.639997, 0.699109, 0.714452, 0.714452, 0.714453, 0.722112, 0.722113, 0.724239, 0.724256, 0.724258, 0.725670, 0.730716, 0.730718, 0.738874, 0.738874, 0.738875, 0.738875, 0.738906]
NS(20)[0]: [0.621711, 0.621711, 0.706011, 0.706011, 0.714068, 0.714068, 0.714068, 0.718306, 0.718306, 0.718892, 0.718892, 0.718892, 0.718892, 0.729667, 0.729667, 0.729667, 0.729667, 0.729667, 0.733436, 0.733437]
NS(20)[1]: [0.609702, 0.609702, 0.696169, 0.696548, 0.696548, 0.696554, 0.696554, 0.709326, 0.709333, 0.713622, 0.713622, 0.713634, 0.713753, 0.726667, 0.727380, 0.727380, 0.727389, 0.736462, 0.738951, 0.738969]
NS(20)[13]: [0.610339, 0.610339, 0.702477, 0.702481, 0.705925, 0.705925, 0.705927, 0.705927, 0.709742, 0.709742, 0.709743, 0.709743, 0.711682, 0.711687, 0.719417, 0.719420, 0.722672, 0.722674, 0.734085, 0.734088]
NS(20)[47]: [0.629971, 0.629971, 0.692529, 0.709985, 0.709985, 0.713682, 0.713682, 0.713683, 0.713683, 0.719766, 0.719770, 0.721959, 0.721962, 0.723196, 0.723199, 0.723947, 0.723947, 0.723948, 0.727773, 0.727780]
n=20, run=62: Failed to stabilize within 10000000 steps
NS(20)[63]: [0.622545, 0.622545, 0.684203, 0.687264, 0.687264, 0.687264, 0.690883, 0.690883, 0.700800, 0.716444, 0.716444, 0.716444, 0.716444, 0.731095, 0.734484, 0.734484, 0.737777, 0.737777, 0.739903, 0.739903]
NS(20)[64]: [0.638314, 0.638314, 0.653350, 0.672030, 0.672032, 0.695107, 0.695107, 0.695108, 0.695108, 0.696941, 0.696941, 0.714781, 0.714781, 0.725140, 0.725140, 0.728328, 0.728328, 0.728330, 0.728330, 0.739054]
NS(21)[0]: [0.643048, 0.643048, 0.648968, 0.673371, 0.673371, 0.689324, 0.689324, 0.692834, 0.692834, 0.728465, 0.728465, 0.728465, 0.728465, 0.730131, 0.730131, 0.734168, 0.734168, 0.734168, 0.734168, 0.735147, 0.735147]
NS(21)[1]: [0.640406, 0.640406, 0.643030, 0.686537, 0.686539, 0.690179, 0.690184, 0.691269, 0.691273, 0.699421, 0.699432, 0.705930, 0.705930, 0.709046, 0.709048, 0.709929, 0.709935, 0.713240, 0.713240, 0.727706, 0.727713]
NS(21)[4]: [0.621408, 0.621408, 0.684693, 0.697505, 0.697505, 0.697505, 0.697505, 0.710985, 0.710985, 0.710986, 0.710986, 0.711349, 0.711349, 0.713223, 0.713223, 0.713582, 0.715769, 0.715769, 0.720557, 0.720557, 0.720558]
NS(21)[5]: [0.634894, 0.634894, 0.645230, 0.673255, 0.673263, 0.682376, 0.682394, 0.688244, 0.693695, 0.693707, 0.703102, 0.703102, 0.704639, 0.704645, 0.707806, 0.707816, 0.710105, 0.710520, 0.710520, 0.710534, 0.717950]
NS(21)[6]: [0.666268, 0.666268, 0.666268, 0.695832, 0.695832, 0.706656, 0.706656, 0.706656, 0.706656, 0.717375, 0.717375, 0.724223, 0.724223, 0.726093, 0.726093, 0.734059, 0.734059, 0.747101, 0.747101, 0.747102, 0.747102]
NS(21)[10]: [0.616352, 0.616352, 0.695850, 0.695850, 0.704258, 0.704258, 0.704258, 0.704303, 0.704303, 0.704303, 0.704303, 0.710716, 0.710716, 0.710716, 0.710716, 0.716252, 0.716252, 0.721885, 0.721885, 0.726362, 0.726362]
NS(21)[13]: [0.615211, 0.615211, 0.698318, 0.698318, 0.710244, 0.710244, 0.710247, 0.710247, 0.710745, 0.710749, 0.711401, 0.711410, 0.714013, 0.714017, 0.717400, 0.717409, 0.719169, 0.719169, 0.720487, 0.720781, 0.727909]
NS(21)[17]: [0.619332, 0.619332, 0.707226, 0.707226, 0.707226, 0.707226, 0.709152, 0.709152, 0.709152, 0.709152, 0.712090, 0.712090, 0.715255, 0.715255, 0.715300, 0.715300, 0.715300, 0.715300, 0.729830, 0.729830, 0.754299]
NS(21)[28]: [0.617589, 0.617589, 0.684474, 0.684474, 0.701439, 0.701439, 0.701441, 0.701441, 0.702864, 0.702865, 0.703305, 0.703307, 0.713745, 0.713745, 0.713826, 0.718187, 0.718191, 0.719173, 0.719179, 0.737082, 0.737086]
NS(21)[37]: [0.651300, 0.651300, 0.688329, 0.688329, 0.688333, 0.688333, 0.704273, 0.706238, 0.706244, 0.712090, 0.712092, 0.715728, 0.716498, 0.716505, 0.717097, 0.717098, 0.737344, 0.737351, 0.739438, 0.755232, 0.760895]
NS(22)[0]: [0.637594, 0.637594, 0.638661, 0.674015, 0.680445, 0.687453, 0.698432, 0.699267, 0.701034, 0.702678, 0.702678, 0.704304, 0.704304, 0.707182, 0.709410, 0.710606, 0.710606, 0.712818, 0.712818, 0.720218, 0.720615, 0.726734]
NS(22)[1]: [0.635537, 0.635537, 0.643648, 0.680107, 0.689078, 0.689600, 0.690209, 0.691792, 0.691792, 0.696123, 0.696345, 0.704169, 0.708660, 0.711167, 0.717159, 0.717159, 0.717658, 0.719673, 0.722397, 0.725029, 0.727580, 0.741524]
NS(22)[3]: [0.638117, 0.638117, 0.657601, 0.687351, 0.695571, 0.699774, 0.703836, 0.706244, 0.706244, 0.706245, 0.706245, 0.708987, 0.712330, 0.712330, 0.716099, 0.716100, 0.717741, 0.717741, 0.737517, 0.737517, 0.738521, 0.738521]
NS(22)[4]: [0.636329, 0.636329, 0.641292, 0.677081, 0.677081, 0.685084, 0.685084, 0.696578, 0.696578, 0.696580, 0.711457, 0.711457, 0.717903, 0.717903, 0.717905, 0.717905, 0.724055, 0.724056, 0.724056, 0.724057, 0.735426, 0.735428]
NS(22)[8]: [0.642151, 0.642151, 0.642151, 0.693847, 0.693847, 0.693847, 0.693847, 0.693848, 0.693848, 0.704702, 0.704703, 0.704703, 0.713730, 0.713730, 0.713730, 0.713731, 0.723077, 0.723077, 0.723078, 0.755506, 0.755506, 0.755506]
NS(22)[13]: [0.638451, 0.638451, 0.638451, 0.683343, 0.683345, 0.694230, 0.694231, 0.694429, 0.694429, 0.710728, 0.710731, 0.711025, 0.711025, 0.711025, 0.714926, 0.715285, 0.715285, 0.719955, 0.720049, 0.720052, 0.735262, 0.744970]
NS(22)[19]: [0.628013, 0.628013, 0.684828, 0.684828, 0.684830, 0.684830, 0.690617, 0.690617, 0.690618, 0.690618, 0.700406, 0.700407, 0.705731, 0.705733, 0.710442, 0.710442, 0.714384, 0.714387, 0.715035, 0.715036, 0.725048, 0.725048]
NS(22)[41]: [0.633927, 0.633927, 0.642594, 0.671369, 0.690216, 0.690216, 0.690594, 0.697784, 0.697804, 0.701543, 0.705120, 0.705120, 0.706060, 0.706575, 0.708195, 0.709184, 0.709184, 0.712167, 0.713375, 0.717188, 0.720658, 0.726283]
NS(22)[83]: [0.619038, 0.619038, 0.680292, 0.680292, 0.723351, 0.723351, 0.723351, 0.723351, 0.723351, 0.723351, 0.723351, 0.723351, 0.723351, 0.723351, 0.723351, 0.723351, 0.726267, 0.726267, 0.726267, 0.726267, 0.726267, 0.726267]
NS(23)[0]: [0.644362, 0.644362, 0.644362, 0.695754, 0.695754, 0.695754, 0.695754, 0.695754, 0.695754, 0.708921, 0.708921, 0.708921, 0.708921, 0.708921, 0.708921, 0.708921, 0.708921, 0.743117, 0.743117, 0.743117, 0.743117, 0.743117, 0.743117]
NS(23)[2]: [0.635011, 0.635011, 0.637712, 0.674366, 0.678176, 0.678177, 0.693845, 0.693845, 0.693845, 0.698989, 0.698989, 0.698989, 0.702815, 0.702815, 0.710506, 0.711081, 0.714027, 0.714028, 0.715598, 0.715600, 0.724819, 0.724820, 0.735809]
NS(23)[10]: [0.640061, 0.640061, 0.640061, 0.671726, 0.671727, 0.671727, 0.701653, 0.701653, 0.701653, 0.701653, 0.701654, 0.701654, 0.701654, 0.701654, 0.706665, 0.706665, 0.706665, 0.706665, 0.706666, 0.706666, 0.728436, 0.728437, 0.728437]
NS(23)[12]: [0.657113, 0.657113, 0.657113, 0.657113, 0.662451, 0.662451, 0.674728, 0.674728, 0.685707, 0.685707, 0.685707, 0.685707, 0.689559, 0.689559, 0.707241, 0.707241, 0.707242, 0.707242, 0.724885, 0.724885, 0.730259, 0.740056, 0.740056]
NS(23)[18]: [0.650145, 0.650145, 0.655328, 0.655328, 0.662243, 0.673793, 0.676364, 0.679410, 0.680040, 0.681096, 0.682703, 0.683001, 0.683143, 0.684173, 0.684830, 0.687978, 0.705276, 0.706683, 0.714658, 0.722861, 0.729066, 0.730886, 0.740666]
NS(23)[78]: [0.645674, 0.645674, 0.665369, 0.665369, 0.665371, 0.665371, 0.675245, 0.688615, 0.688620, 0.694271, 0.704462, 0.704465, 0.706256, 0.710681, 0.710683, 0.714303, 0.714303, 0.714305, 0.714305, 0.720994, 0.720999, 0.726358, 0.726860]
NS(23)[96]: [0.644976, 0.644976, 0.644976, 0.679184, 0.679184, 0.679185, 0.696155, 0.696155, 0.696155, 0.696155, 0.696982, 0.696982, 0.696982, 0.696982, 0.702632, 0.702632, 0.702632, 0.702632, 0.702633, 0.702633, 0.717453, 0.717453, 0.717453]
NS(24)[0]: [0.634799, 0.634799, 0.634799, 0.676730, 0.676730, 0.692795, 0.692795, 0.692795, 0.692795, 0.692796, 0.692796, 0.695034, 0.703322, 0.703322, 0.705491, 0.705495, 0.713534, 0.713534, 0.713535, 0.713535, 0.714971, 0.714975, 0.741636, 0.741638]
NS(24)[1]: [0.639417, 0.639417, 0.654202, 0.654202, 0.654202, 0.685369, 0.685369, 0.685369, 0.685369, 0.685369, 0.685369, 0.692654, 0.692654, 0.692654, 0.708475, 0.708475, 0.708476, 0.719735, 0.719735, 0.719735, 0.721238, 0.729740, 0.729740, 0.729740]
NS(24)[5]: [0.645208, 0.645208, 0.650813, 0.650814, 0.650815, 0.666004, 0.666005, 0.666005, 0.672757, 0.672757, 0.672758, 0.705478, 0.705481, 0.705483, 0.712416, 0.712416, 0.712417, 0.712417, 0.719620, 0.719620, 0.719623, 0.719623, 0.719623, 0.719623]
NS(24)[14]: [0.634255, 0.634255, 0.642538, 0.664818, 0.676714, 0.699589, 0.700203, 0.700203, 0.700204, 0.700204, 0.709475, 0.709806, 0.711566, 0.711566, 0.713383, 0.713385, 0.714999, 0.716126, 0.716127, 0.717438, 0.717438, 0.718219, 0.718777, 0.718778]
NS(24)[21]: [0.633825, 0.633825, 0.639536, 0.668142, 0.672789, 0.676092, 0.692565, 0.692565, 0.703696, 0.703696, 0.703836, 0.704815, 0.707033, 0.707542, 0.707542, 0.707656, 0.709455, 0.709583, 0.711809, 0.712304, 0.713378, 0.714998, 0.715202, 0.718418]
NS(24)[65]: [0.647297, 0.647297, 0.669284, 0.669285, 0.679451, 0.679451, 0.689128, 0.690733, 0.690733, 0.696788, 0.696789, 0.697793, 0.697793, 0.703573, 0.709527, 0.709528, 0.712344, 0.712344, 0.719879, 0.721448, 0.724683, 0.725583, 0.725583, 0.734832]
NS(25)[0]: [0.652175, 0.652175, 0.654630, 0.665228, 0.680627, 0.680627, 0.686070, 0.686070, 0.689774, 0.689774, 0.696637, 0.698334, 0.698334, 0.700129, 0.700129, 0.703822, 0.708483, 0.716501, 0.716501, 0.717929, 0.717929, 0.721332, 0.729703, 0.737956, 0.737956]
NS(25)[2]: [0.645048, 0.645048, 0.645051, 0.652072, 0.672060, 0.672062, 0.679010, 0.679011, 0.679522, 0.683732, 0.683735, 0.685374, 0.685377, 0.688828, 0.692105, 0.692105, 0.692106, 0.692106, 0.693923, 0.693929, 0.700047, 0.709485, 0.709486, 0.723060, 0.726583]
NS(25)[3]: [0.654035, 0.654035, 0.654035, 0.661390, 0.673499, 0.673499, 0.673499, 0.686152, 0.686152, 0.686152, 0.686153, 0.686153, 0.686153, 0.697024, 0.697024, 0.697024, 0.714062, 0.714062, 0.714062, 0.731274, 0.731274, 0.731274, 0.733585, 0.733585, 0.733585]
NS(25)[11]: [0.650831, 0.650831, 0.650831, 0.651970, 0.680167, 0.680167, 0.680167, 0.683269, 0.683269, 0.683269, 0.686263, 0.686265, 0.686265, 0.692766, 0.692766, 0.692767, 0.694488, 0.694489, 0.694489, 0.705139, 0.705140, 0.705140, 0.726802, 0.726802, 0.726804]
NS(25)[37]: [0.641096, 0.641096, 0.641096, 0.662029, 0.673035, 0.673035, 0.673035, 0.673035, 0.678995, 0.678996, 0.698597, 0.698597, 0.698598, 0.698598, 0.702638, 0.702639, 0.708986, 0.708987, 0.710101, 0.710101, 0.714220, 0.714220, 0.716061, 0.716062, 0.724966]
NS(25)[94]: [0.634676, 0.634676, 0.649693, 0.649693, 0.667583, 0.667592, 0.677273, 0.677277, 0.689316, 0.689317, 0.694603, 0.694608, 0.694677, 0.694685, 0.697979, 0.697979, 0.698269, 0.698277, 0.706752, 0.706758, 0.708369, 0.708373, 0.724419, 0.736105, 0.736108]
NS(25)[95]: [0.640541, 0.640541, 0.640541, 0.670438, 0.670438, 0.670438, 0.670438, 0.670438, 0.670438, 0.679640, 0.679640, 0.679640, 0.679640, 0.686754, 0.686754, 0.686754, 0.695564, 0.695564, 0.695564, 0.707713, 0.707713, 0.707713, 0.708968, 0.708968, 0.708968]
NS(26)[0]: [0.656543, 0.656543, 0.656543, 0.656543, 0.693258, 0.693258, 0.693258, 0.693258, 0.693258, 0.693258, 0.693258, 0.693258, 0.693258, 0.693258, 0.693258, 0.693258, 0.710722, 0.710722, 0.710722, 0.710722, 0.731637, 0.731637, 0.731637, 0.731637, 0.731637, 0.731637]
NS(26)[3]: [0.642931, 0.642931, 0.644290, 0.644290, 0.671063, 0.671063, 0.672490, 0.678324, 0.678353, 0.682877, 0.682877, 0.682882, 0.682882, 0.683531, 0.685315, 0.685331, 0.686222, 0.687722, 0.687722, 0.687735, 0.688384, 0.688396, 0.697309, 0.697325, 0.702432, 0.702511]
NS(26)[11]: [0.642753, 0.642753, 0.642780, 0.649685, 0.662942, 0.668805, 0.671537, 0.672748, 0.672748, 0.677260, 0.677285, 0.687830, 0.687830, 0.687842, 0.688002, 0.688009, 0.690390, 0.690390, 0.690413, 0.690413, 0.693818, 0.693845, 0.698133, 0.698134, 0.699247, 0.699270]
NS(26)[12]: [0.645076, 0.645076, 0.645076, 0.645076, 0.655427, 0.666413, 0.666413, 0.666413, 0.676203, 0.676203, 0.676203, 0.676203, 0.676203, 0.676203, 0.699954, 0.699954, 0.699954, 0.700021, 0.700021, 0.700021, 0.701940, 0.701940, 0.701940, 0.710940, 0.710940, 0.710940]
NS(26)[22]: [0.617756, 0.617756, 0.626651, 0.626661, 0.643331, 0.643355, 0.643463, 0.643463, 0.660918, 0.660937, 0.672302, 0.672338, 0.675273, 0.675277, 0.683920, 0.683931, 0.701326, 0.701326, 0.703676, 0.703713, 0.708642, 0.708642, 0.712788, 0.713273, 0.713299, 0.722756]
NS(27)[0]: [0.641471, 0.641471, 0.641472, 0.641472, 0.653823, 0.670804, 0.670805, 0.670805, 0.682880, 0.682880, 0.682880, 0.682880, 0.689067, 0.689067, 0.689067, 0.689067, 0.689068, 0.689068, 0.694789, 0.694789, 0.694791, 0.694791, 0.694791, 0.694791, 0.705956, 0.705956, 0.705956]
NS(27)[1]: [0.650172, 0.650172, 0.651351, 0.651351, 0.662187, 0.662187, 0.677732, 0.677732, 0.682492, 0.688579, 0.688952, 0.688952, 0.691110, 0.691110, 0.691848, 0.694555, 0.694555, 0.695871, 0.695871, 0.701859, 0.701859, 0.703524, 0.713438, 0.726189, 0.726189, 0.729101, 0.729101]
NS(27)[4]: [0.635207, 0.635207, 0.646930, 0.646930, 0.660960, 0.660960, 0.666370, 0.666370, 0.674436, 0.674436, 0.690637, 0.690637, 0.690640, 0.690640, 0.692739, 0.692739, 0.695663, 0.695664, 0.696451, 0.696451, 0.703301, 0.703302, 0.710386, 0.710386, 0.717681, 0.717683, 0.718936]
NS(27)[7]: [0.640239, 0.640239, 0.640247, 0.641934, 0.658561, 0.658561, 0.658562, 0.662965, 0.674484, 0.674499, 0.679668, 0.679687, 0.682235, 0.682235, 0.687949, 0.687949, 0.687962, 0.689492, 0.690132, 0.690153, 0.693354, 0.693356, 0.694855, 0.694872, 0.695398, 0.695400, 0.719374]
NS(27)[9]: [0.630780, 0.630780, 0.630780, 0.630780, 0.637773, 0.637773, 0.637901, 0.646674, 0.670332, 0.670332, 0.674113, 0.674114, 0.681096, 0.681096, 0.685035, 0.685036, 0.686630, 0.686630, 0.690657, 0.690657, 0.690658, 0.690658, 0.710282, 0.710282, 0.710456, 0.710456, 0.715588]
NS(27)[11]: [0.629026, 0.629026, 0.629026, 0.629026, 0.642849, 0.642849, 0.642849, 0.642850, 0.648615, 0.648615, 0.690951, 0.690952, 0.690955, 0.690956, 0.695007, 0.695007, 0.695008, 0.695009, 0.695009, 0.695009, 0.699010, 0.699014, 0.709755, 0.710816, 0.710816, 0.710816, 0.710816]
NS(27)[18]: [0.638749, 0.638749, 0.646007, 0.646007, 0.666179, 0.667497, 0.667497, 0.671174, 0.674448, 0.681296, 0.682437, 0.682437, 0.682842, 0.682842, 0.684660, 0.686688, 0.690593, 0.691540, 0.692021, 0.692572, 0.694734, 0.694734, 0.696903, 0.696903, 0.698257, 0.700009, 0.708143]
NS(27)[20]: [0.624254, 0.624254, 0.637445, 0.637445, 0.637445, 0.642088, 0.675085, 0.675085, 0.675085, 0.679104, 0.679104, 0.679105, 0.679105, 0.679105, 0.679105, 0.690063, 0.690064, 0.690064, 0.705752, 0.705755, 0.705755, 0.709449, 0.709449, 0.709449, 0.722260, 0.722260, 0.722260]
NS(27)[37]: [0.643550, 0.643550, 0.643552, 0.659173, 0.659173, 0.659869, 0.668180, 0.668180, 0.671217, 0.672818, 0.672818, 0.684663, 0.684663, 0.684996, 0.684996, 0.686818, 0.686818, 0.689129, 0.689132, 0.694352, 0.694355, 0.699797, 0.699800, 0.701431, 0.701432, 0.702950, 0.702951]
NS(27)[70]: [0.624597, 0.624597, 0.627609, 0.627815, 0.642148, 0.654879, 0.654896, 0.659391, 0.659748, 0.664583, 0.668024, 0.670819, 0.672678, 0.676648, 0.679060, 0.679060, 0.679194, 0.681083, 0.687193, 0.698355, 0.700938, 0.701284, 0.702682, 0.703150, 0.704078, 0.707798, 0.708038]
NS(27)[74]: [0.641108, 0.641108, 0.641108, 0.641108, 0.653326, 0.659960, 0.659962, 0.660394, 0.660394, 0.660395, 0.660395, 0.673331, 0.673331, 0.687246, 0.687247, 0.688704, 0.688704, 0.688707, 0.688707, 0.691420, 0.691421, 0.704595, 0.704595, 0.721731, 0.721731, 0.721732, 0.721732]
NS(28)[0]: [0.626903, 0.626903, 0.626903, 0.626903, 0.641300, 0.650903, 0.650903, 0.651589, 0.651589, 0.673666, 0.673666, 0.683179, 0.683179, 0.684745, 0.684745, 0.684745, 0.684745, 0.689064, 0.689064, 0.691209, 0.691209, 0.698509, 0.698509, 0.698509, 0.704118, 0.704118, 0.713322, 0.713322]
NS(28)[1]: [0.645896, 0.645896, 0.645896, 0.659410, 0.663667, 0.663667, 0.663667, 0.663667, 0.663667, 0.663667, 0.674554, 0.674555, 0.674555, 0.687945, 0.687945, 0.687946, 0.690659, 0.690659, 0.690660, 0.691193, 0.691193, 0.691193, 0.701545, 0.701546, 0.701546, 0.703459, 0.703459, 0.703460]
NS(28)[2]: [0.641804, 0.641804, 0.641804, 0.643789, 0.648947, 0.665423, 0.665423, 0.675026, 0.681064, 0.681064, 0.682153, 0.685132, 0.685132, 0.685152, 0.685152, 0.694744, 0.694744, 0.696254, 0.697531, 0.697531, 0.700195, 0.700767, 0.700767, 0.700832, 0.700833, 0.702812, 0.702812, 0.712680]
NS(28)[5]: [0.639284, 0.639284, 0.640454, 0.640454, 0.663751, 0.663751, 0.663751, 0.663751, 0.664024, 0.664024, 0.664024, 0.664024, 0.668184, 0.668184, 0.675539, 0.675539, 0.680644, 0.680644, 0.684014, 0.684014, 0.687353, 0.687353, 0.689488, 0.689488, 0.696114, 0.696114, 0.696922, 0.696922]
NS(28)[6]: [0.628503, 0.628503, 0.628503, 0.628503, 0.628503, 0.633850, 0.633850, 0.689105, 0.689105, 0.689105, 0.689106, 0.689107, 0.689107, 0.690833, 0.690833, 0.690833, 0.690833, 0.690833, 0.690833, 0.698787, 0.698787, 0.698788, 0.698788, 0.698789, 0.698789, 0.703282, 0.703282, 0.703282]
NS(28)[7]: [0.641756, 0.641756, 0.641760, 0.651511, 0.658538, 0.658538, 0.670227, 0.670227, 0.670229, 0.672586, 0.672586, 0.672587, 0.672587, 0.677442, 0.677808, 0.677810, 0.679277, 0.679277, 0.680531, 0.680536, 0.689040, 0.689042, 0.689492, 0.689500, 0.691073, 0.691078, 0.693625, 0.702752]
NS(28)[10]: [0.625634, 0.625634, 0.627230, 0.627230, 0.640577, 0.641711, 0.643147, 0.649857, 0.659968, 0.660993, 0.660993, 0.669106, 0.675910, 0.679522, 0.680198, 0.680198, 0.684749, 0.686050, 0.686050, 0.690332, 0.692630, 0.693637, 0.697079, 0.697964, 0.699058, 0.700705, 0.700708, 0.704743]
NS(28)[12]: [0.624539, 0.624539, 0.624539, 0.624539, 0.646310, 0.646310, 0.647821, 0.647821, 0.660080, 0.675105, 0.675105, 0.681002, 0.681002, 0.681002, 0.683071, 0.683071, 0.683918, 0.683918, 0.683918, 0.683918, 0.691109, 0.691109, 0.693395, 0.693395, 0.706474, 0.706474, 0.709557, 0.709557]
NS(28)[17]: [0.634821, 0.634821, 0.634821, 0.634821, 0.644147, 0.644147, 0.644147, 0.644147, 0.655562, 0.655562, 0.656316, 0.656316, 0.656316, 0.656316, 0.682439, 0.682439, 0.682439, 0.682439, 0.682440, 0.682440, 0.682440, 0.682440, 0.701699, 0.701699, 0.710045, 0.710045, 0.710045, 0.710045]
NS(28)[18]: [0.633399, 0.633399, 0.633399, 0.633399, 0.633399, 0.633399, 0.633399, 0.633399, 0.633399, 0.633399, 0.633399, 0.633399, 0.705214, 0.705214, 0.705214, 0.705214, 0.705214, 0.705214, 0.705214, 0.705214, 0.705216, 0.705216, 0.705216, 0.705216, 0.705218, 0.705218, 0.705218, 0.705218]
NS(28)[20]: [0.624950, 0.624950, 0.625731, 0.627196, 0.648331, 0.652753, 0.652753, 0.653317, 0.656145, 0.672158, 0.672158, 0.672936, 0.675621, 0.676087, 0.679756, 0.681784, 0.686419, 0.686907, 0.687571, 0.687571, 0.688821, 0.689786, 0.693153, 0.697607, 0.704894, 0.708445, 0.708766, 0.714157]
NS(28)[22]: [0.625866, 0.625866, 0.627415, 0.627415, 0.635012, 0.637977, 0.653952, 0.661304, 0.670899, 0.674215, 0.676494, 0.676494, 0.677005, 0.677521, 0.680998, 0.688661, 0.688793, 0.690269, 0.690519, 0.690519, 0.692516, 0.692661, 0.699529, 0.699708, 0.700487, 0.701105, 0.703317, 0.704273]
NS(28)[27]: [0.627282, 0.627282, 0.627426, 0.627426, 0.648591, 0.649339, 0.650562, 0.657376, 0.673110, 0.673307, 0.673971, 0.676058, 0.677352, 0.677625, 0.679250, 0.679702, 0.679702, 0.681568, 0.681568, 0.681853, 0.684362, 0.685985, 0.688847, 0.692833, 0.693252, 0.693252, 0.703202, 0.708765]
NS(28)[31]: [0.627354, 0.627354, 0.629751, 0.629751, 0.631778, 0.633077, 0.657359, 0.660593, 0.662081, 0.672230, 0.674668, 0.680160, 0.680160, 0.681963, 0.682792, 0.684118, 0.684516, 0.684898, 0.685384, 0.687513, 0.689530, 0.690663, 0.693602, 0.693650, 0.698498, 0.698498, 0.706143, 0.717348]
NS(28)[76]: [0.621357, 0.621357, 0.621358, 0.630798, 0.640246, 0.642410, 0.664211, 0.664213, 0.668394, 0.668394, 0.668518, 0.668519, 0.668537, 0.668539, 0.671262, 0.671262, 0.671263, 0.688241, 0.688243, 0.691756, 0.691756, 0.695313, 0.695313, 0.697879, 0.697879, 0.698467, 0.698468, 0.704989]
NS(28)[80]: [0.645691, 0.645691, 0.655520, 0.655520, 0.661111, 0.661111, 0.661111, 0.661111, 0.675325, 0.675326, 0.677471, 0.677471, 0.677471, 0.677471, 0.687195, 0.687195, 0.687398, 0.691464, 0.691464, 0.691464, 0.691464, 0.705656, 0.705656, 0.714255, 0.725100, 0.725100, 0.725100, 0.725100]
NS(29)[0]: [0.636095, 0.636095, 0.636095, 0.636095, 0.636095, 0.676444, 0.676444, 0.676444, 0.676444, 0.676444, 0.676444, 0.685707, 0.685707, 0.685707, 0.685707, 0.685707, 0.685707, 0.689693, 0.689693, 0.689693, 0.689693, 0.689693, 0.689693, 0.695050, 0.695050, 0.695050, 0.695050, 0.695050, 0.695050]
NS(29)[4]: [0.615813, 0.615813, 0.621125, 0.621125, 0.648024, 0.650807, 0.654686, 0.656701, 0.663537, 0.671385, 0.671385, 0.674438, 0.675782, 0.676036, 0.676036, 0.678484, 0.680037, 0.680037, 0.680327, 0.680536, 0.680921, 0.681445, 0.693222, 0.693901, 0.695371, 0.695371, 0.696779, 0.698521, 0.701235]
NS(29)[10]: [0.633394, 0.633394, 0.635712, 0.635712, 0.635712, 0.635712, 0.640759, 0.640759, 0.640759, 0.640759, 0.652483, 0.669321, 0.669321, 0.676276, 0.676276, 0.682816, 0.682816, 0.686162, 0.686162, 0.686162, 0.686162, 0.688180, 0.688180, 0.693518, 0.693518, 0.694007, 0.694007, 0.702832, 0.702832]
NS(29)[35]: [0.638964, 0.638964, 0.646492, 0.649495, 0.649513, 0.663089, 0.665228, 0.665228, 0.673075, 0.673453, 0.673500, 0.674147, 0.675421, 0.676383, 0.676910, 0.679164, 0.682036, 0.684191, 0.689477, 0.691249, 0.691840, 0.692844, 0.694445, 0.699558, 0.700739, 0.701050, 0.703602, 0.710481, 0.722439]
NS(29)[67]: [0.627975, 0.627975, 0.627975, 0.627975, 0.636026, 0.636026, 0.649171, 0.649171, 0.655376, 0.655377, 0.655378, 0.655378, 0.663007, 0.663008, 0.663010, 0.663010, 0.673616, 0.673616, 0.676839, 0.676839, 0.676839, 0.685657, 0.685658, 0.685660, 0.685661, 0.705761, 0.705761, 0.705762, 0.705762]
NS(30)[0]: [0.636886, 0.636886, 0.636886, 0.636886, 0.638188, 0.638188, 0.638188, 0.638369, 0.653407, 0.653407, 0.655975, 0.655975, 0.665519, 0.665519, 0.670274, 0.670274, 0.670892, 0.670892, 0.671389, 0.671389, 0.676560, 0.676560, 0.677037, 0.677037, 0.686220, 0.686220, 0.688228, 0.688228, 0.697558, 0.697558]
NS(30)[1]: [0.629228, 0.629228, 0.629368, 0.629840, 0.637376, 0.661354, 0.661660, 0.668397, 0.668397, 0.671207, 0.671207, 0.672850, 0.679264, 0.679936, 0.680036, 0.680736, 0.680736, 0.681297, 0.686972, 0.687270, 0.687560, 0.687719, 0.690765, 0.690985, 0.696076, 0.696248, 0.697624, 0.698775, 0.701878, 0.704885]
NS(30)[4]: [0.618550, 0.618550, 0.623683, 0.623845, 0.641665, 0.651831, 0.651831, 0.656668, 0.659831, 0.659876, 0.669565, 0.670345, 0.672997, 0.673534, 0.676277, 0.677811, 0.680088, 0.680088, 0.680303, 0.681748, 0.682797, 0.683282, 0.685790, 0.688049, 0.688093, 0.688268, 0.691900, 0.692166, 0.697713, 0.704925]
NS(30)[6]: [0.639630, 0.639630, 0.639630, 0.639630, 0.639630, 0.639630, 0.643471, 0.643471, 0.643472, 0.648855, 0.648856, 0.648856, 0.662072, 0.662072, 0.662072, 0.672559, 0.672560, 0.672560, 0.684703, 0.684703, 0.684703, 0.695360, 0.695360, 0.695360, 0.697923, 0.697923, 0.697924, 0.697924, 0.697925, 0.697925]
NS(30)[14]: [0.612299, 0.612299, 0.618110, 0.622369, 0.652170, 0.654916, 0.659564, 0.663509, 0.663509, 0.668506, 0.673376, 0.676462, 0.679859, 0.680431, 0.680535, 0.682920, 0.683656, 0.683656, 0.686977, 0.686977, 0.688401, 0.689631, 0.691773, 0.692206, 0.694256, 0.696599, 0.696599, 0.698336, 0.701383, 0.704047]
NS(30)[27]: [0.628235, 0.628235, 0.652853, 0.654460, 0.654504, 0.654666, 0.654666, 0.659790, 0.660863, 0.661751, 0.662967, 0.663033, 0.663033, 0.671953, 0.672559, 0.678481, 0.680289, 0.680654, 0.681071, 0.681221, 0.682607, 0.684112, 0.684721, 0.687456, 0.688116, 0.692374, 0.692463, 0.692756, 0.695151, 0.703191]
NS(30)[57]: [0.623345, 0.623345, 0.623714, 0.637712, 0.639488, 0.640365, 0.640911, 0.647189, 0.657855, 0.659791, 0.659791, 0.662482, 0.662585, 0.662585, 0.677652, 0.678061, 0.678633, 0.678633, 0.679916, 0.681952, 0.682233, 0.682258, 0.682448, 0.683770, 0.684474, 0.685704, 0.686508, 0.693726, 0.695531, 0.706279]
NS(30)[69]: [0.619803, 0.619803, 0.619805, 0.620733, 0.639633, 0.645236, 0.659201, 0.659201, 0.665462, 0.665470, 0.667729, 0.667729, 0.667749, 0.672322, 0.672327, 0.673089, 0.673095, 0.675077, 0.675081, 0.675919, 0.675925, 0.679970, 0.679981, 0.680996, 0.688750, 0.688750, 0.688751, 0.691827, 0.691832, 0.702152]
NS(30)[80]: [0.632763, 0.632763, 0.632763, 0.640743, 0.640743, 0.666492, 0.666492, 0.666492, 0.668819, 0.668819, 0.668819, 0.668819, 0.669987, 0.669987, 0.676510, 0.676510, 0.679851, 0.679852, 0.684559, 0.684559, 0.688695, 0.688695, 0.694825, 0.694825, 0.694825, 0.694825, 0.696494, 0.696495, 0.696495, 0.696495]
NS(31)[0]: [0.617156, 0.617156, 0.618140, 0.618140, 0.633163, 0.645908, 0.645908, 0.654000, 0.655923, 0.655923, 0.656144, 0.666870, 0.666870, 0.671103, 0.674525, 0.680888, 0.681256, 0.682652, 0.682652, 0.683384, 0.683919, 0.686991, 0.688323, 0.693684, 0.698049, 0.698396, 0.700765, 0.702719, 0.702863, 0.707160, 0.707862]
NS(31)[1]: [0.623509, 0.623509, 0.623509, 0.637199, 0.646162, 0.663131, 0.664242, 0.664242, 0.664242, 0.664242, 0.666052, 0.668602, 0.668603, 0.669352, 0.669352, 0.669352, 0.669352, 0.674773, 0.677454, 0.677454, 0.678426, 0.679027, 0.679027, 0.683225, 0.683227, 0.684021, 0.684021, 0.691889, 0.691889, 0.694599, 0.709627]
NS(31)[2]: [0.634729, 0.634729, 0.634729, 0.634729, 0.634729, 0.634729, 0.645683, 0.645683, 0.645683, 0.663485, 0.663485, 0.663485, 0.670097, 0.670097, 0.670097, 0.677186, 0.677186, 0.677186, 0.677531, 0.677531, 0.677531, 0.681151, 0.681151, 0.681151, 0.684097, 0.684097, 0.684097, 0.684268, 0.684268, 0.684268, 0.688967]
NS(31)[11]: [0.623347, 0.623347, 0.623348, 0.623861, 0.640727, 0.652307, 0.661544, 0.661545, 0.666646, 0.666646, 0.668134, 0.668136, 0.669261, 0.669261, 0.674578, 0.674578, 0.674578, 0.674578, 0.680116, 0.680118, 0.681468, 0.681468, 0.681473, 0.681473, 0.688281, 0.688385, 0.688386, 0.689546, 0.689547, 0.697622, 0.698935]
n=31, run=31: Failed to stabilize within 10000000 steps
NS(31)[48]: [0.624406, 0.624406, 0.630561, 0.632902, 0.637971, 0.642848, 0.655593, 0.664567, 0.664567, 0.664971, 0.667289, 0.667646, 0.668920, 0.669445, 0.669727, 0.672770, 0.674317, 0.677421, 0.677585, 0.681851, 0.682642, 0.682950, 0.688710, 0.690177, 0.690828, 0.691187, 0.693190, 0.696614, 0.697712, 0.700538, 0.705873]
NS(31)[49]: [0.613135, 0.613135, 0.626524, 0.626524, 0.641516, 0.649125, 0.649125, 0.650812, 0.651107, 0.655186, 0.655186, 0.659782, 0.662807, 0.663627, 0.666415, 0.667066, 0.670432, 0.670715, 0.673136, 0.673136, 0.675565, 0.678516, 0.678787, 0.680486, 0.680935, 0.682522, 0.682575, 0.683126, 0.688154, 0.693952, 0.698000]
NS(31)[61]: [0.619297, 0.619297, 0.619299, 0.624705, 0.649089, 0.658351, 0.658355, 0.666925, 0.666925, 0.666931, 0.666931, 0.667171, 0.667171, 0.667172, 0.669286, 0.669299, 0.670970, 0.670979, 0.673789, 0.673791, 0.677823, 0.677830, 0.685028, 0.685028, 0.693014, 0.693913, 0.693923, 0.694353, 0.694353, 0.696445, 0.696453]
NS(31)[80]: [0.617396, 0.617396, 0.619951, 0.619951, 0.652376, 0.654803, 0.656663, 0.658550, 0.658550, 0.660429, 0.660885, 0.660885, 0.667608, 0.667637, 0.667637, 0.669438, 0.669719, 0.670287, 0.671757, 0.677046, 0.677079, 0.681577, 0.682422, 0.685807, 0.686651, 0.687672, 0.688086, 0.688896, 0.693960, 0.699030, 0.699289]
NS(31)[83]: [0.617476, 0.617476, 0.620527, 0.632498, 0.647047, 0.650270, 0.658119, 0.658119, 0.659287, 0.661343, 0.661343, 0.662404, 0.663517, 0.668626, 0.668626, 0.671305, 0.678206, 0.678542, 0.680682, 0.682227, 0.682671, 0.683311, 0.686256, 0.689724, 0.690111, 0.692980, 0.694911, 0.695323, 0.698621, 0.699620, 0.702499]
NS(31)[85]: [0.611084, 0.611084, 0.618471, 0.619482, 0.647894, 0.657705, 0.661017, 0.662644, 0.662644, 0.664594, 0.664594, 0.664728, 0.666185, 0.667436, 0.668016, 0.668016, 0.674583, 0.675546, 0.677234, 0.681035, 0.681606, 0.682253, 0.686250, 0.687053, 0.687053, 0.689258, 0.689519, 0.691300, 0.693017, 0.693075, 0.693100]
NS(32)[0]: [0.617610, 0.617610, 0.625820, 0.625820, 0.625820, 0.625820, 0.658717, 0.658717, 0.658717, 0.663760, 0.663760, 0.663760, 0.663760, 0.667385, 0.667385, 0.669279, 0.669279, 0.669279, 0.669279, 0.671774, 0.671774, 0.683238, 0.683239, 0.683239, 0.683239, 0.689940, 0.689940, 0.689940, 0.689940, 0.695190, 0.704854, 0.704854]
NS(32)[1]: [0.627188, 0.627188, 0.630657, 0.630657, 0.632785, 0.633239, 0.644563, 0.653531, 0.654032, 0.658226, 0.658401, 0.658401, 0.660439, 0.663308, 0.664683, 0.665843, 0.666468, 0.666468, 0.666907, 0.667583, 0.668240, 0.673948, 0.674305, 0.676125, 0.677275, 0.678201, 0.678493, 0.679352, 0.680584, 0.682897, 0.684723, 0.697872]
NS(32)[2]: [0.613669, 0.613669, 0.625458, 0.625458, 0.626471, 0.626471, 0.645024, 0.651289, 0.657072, 0.659018, 0.659269, 0.661888, 0.662935, 0.668551, 0.669062, 0.669887, 0.676710, 0.677060, 0.677566, 0.678005, 0.678501, 0.679223, 0.681476, 0.681497, 0.685707, 0.686735, 0.687617, 0.690518, 0.691586, 0.691934, 0.693739, 0.710333]
NS(32)[7]: [0.630714, 0.630714, 0.632565, 0.632565, 0.633933, 0.633933, 0.647266, 0.648899, 0.649663, 0.658757, 0.664934, 0.664934, 0.666929, 0.667197, 0.667864, 0.668620, 0.671993, 0.674932, 0.674932, 0.675388, 0.676478, 0.677376, 0.677941, 0.678525, 0.681424, 0.681424, 0.681687, 0.684834, 0.685657, 0.687117, 0.690557, 0.702704]
NS(32)[19]: [0.620990, 0.620990, 0.621221, 0.630763, 0.630764, 0.636031, 0.650618, 0.653891, 0.653892, 0.658509, 0.658511, 0.658551, 0.663675, 0.663676, 0.676957, 0.677138, 0.677142, 0.679558, 0.679563, 0.680719, 0.681843, 0.681843, 0.681844, 0.681954, 0.681956, 0.682104, 0.682104, 0.682450, 0.682451, 0.682495, 0.682497, 0.687676]
NS(32)[84]: [0.620563, 0.620563, 0.620569, 0.630994, 0.631004, 0.654282, 0.654282, 0.654289, 0.654289, 0.659028, 0.659587, 0.659587, 0.666316, 0.666317, 0.670391, 0.670391, 0.670391, 0.670391, 0.679436, 0.679436, 0.679445, 0.679445, 0.679674, 0.679684, 0.690179, 0.690188, 0.690597, 0.690602, 0.697674, 0.697694, 0.698918, 0.698927]
NS(32)[94]: [0.633247, 0.633247, 0.633248, 0.633248, 0.635044, 0.636844, 0.639234, 0.639234, 0.655429, 0.655431, 0.668184, 0.668185, 0.668806, 0.668806, 0.668808, 0.668808, 0.673990, 0.673992, 0.674308, 0.674309, 0.678901, 0.678906, 0.679060, 0.679061, 0.679253, 0.679255, 0.681123, 0.681123, 0.682040, 0.682040, 0.683679, 0.683681]
NS(33)[0]: [0.613305, 0.613305, 0.613305, 0.613305, 0.613305, 0.613305, 0.656436, 0.656436, 0.656436, 0.656436, 0.656436, 0.656436, 0.679245, 0.679245, 0.679245, 0.679245, 0.679245, 0.679245, 0.682355, 0.682355, 0.682355, 0.682355, 0.682355, 0.682355, 0.686531, 0.686531, 0.686531, 0.686531, 0.686531, 0.686531, 0.707012, 0.707012, 0.707012]
NS(33)[5]: [0.608896, 0.608896, 0.608896, 0.608896, 0.613361, 0.627200, 0.632350, 0.632350, 0.634996, 0.634996, 0.644609, 0.646174, 0.649889, 0.656339, 0.669801, 0.669801, 0.673821, 0.673821, 0.673821, 0.673821, 0.673920, 0.675197, 0.675198, 0.675773, 0.675773, 0.680189, 0.680191, 0.683512, 0.689852, 0.689852, 0.694977, 0.694978, 0.695296]
NS(33)[6]: [0.616969, 0.616969, 0.624569, 0.624569, 0.627377, 0.638919, 0.641615, 0.648198, 0.659026, 0.659026, 0.661011, 0.661011, 0.663457, 0.663769, 0.663770, 0.664646, 0.664646, 0.668943, 0.668943, 0.669618, 0.669618, 0.675740, 0.675740, 0.675935, 0.677754, 0.677754, 0.689233, 0.689483, 0.689483, 0.690775, 0.691843, 0.691843, 0.700683]
NS(33)[15]: [0.598677, 0.598677, 0.598677, 0.598677, 0.602544, 0.602544, 0.647553, 0.647553, 0.649262, 0.649262, 0.649264, 0.649264, 0.664310, 0.664310, 0.664310, 0.664310, 0.664310, 0.664310, 0.671472, 0.671472, 0.680882, 0.680882, 0.680886, 0.680886, 0.689008, 0.689008, 0.689008, 0.689008, 0.689010, 0.689010, 0.691501, 0.703851, 0.703852]
NS(33)[18]: [0.607132, 0.607132, 0.629400, 0.633201, 0.635144, 0.635145, 0.657398, 0.657398, 0.657403, 0.657403, 0.659906, 0.664725, 0.664731, 0.665173, 0.665187, 0.666041, 0.668040, 0.668043, 0.668193, 0.668205, 0.668976, 0.673212, 0.673229, 0.675859, 0.675861, 0.678958, 0.683109, 0.683112, 0.683672, 0.691548, 0.693553, 0.693555, 0.695685]
NS(33)[56]: [0.630044, 0.630044, 0.631660, 0.631660, 0.640179, 0.640179, 0.642449, 0.642449, 0.648679, 0.648679, 0.659616, 0.659616, 0.659619, 0.659619, 0.673545, 0.673545, 0.673545, 0.673545, 0.673551, 0.673551, 0.673551, 0.673551, 0.677532, 0.677532, 0.684024, 0.684024, 0.684027, 0.684027, 0.689106, 0.689106, 0.689106, 0.689106, 0.698186]
NS(34)[0]: [0.616595, 0.616595, 0.616595, 0.616595, 0.616595, 0.646794, 0.646794, 0.658006, 0.658006, 0.658006, 0.658006, 0.658006, 0.658006, 0.658006, 0.658006, 0.658006, 0.658006, 0.668081, 0.668081, 0.681233, 0.681233, 0.681233, 0.681233, 0.681233, 0.681233, 0.681233, 0.681233, 0.681233, 0.681233, 0.684896, 0.684896, 0.684896, 0.684896, 0.684896]
NS(34)[1]: [0.638958, 0.638958, 0.638958, 0.638958, 0.638958, 0.638958, 0.667356, 0.667356, 0.667356, 0.667356, 0.667356, 0.667356, 0.667356, 0.667356, 0.667356, 0.667357, 0.667357, 0.667357, 0.677364, 0.677364, 0.677364, 0.677364, 0.677364, 0.677364, 0.677364, 0.677364, 0.677364, 0.677364, 0.677364, 0.677364, 0.677364, 0.677364, 0.677364, 0.677364]
NS(34)[4]: [0.600116, 0.600116, 0.600117, 0.600117, 0.603921, 0.627076, 0.627079, 0.627218, 0.633328, 0.633335, 0.643909, 0.643919, 0.658742, 0.658751, 0.660127, 0.660142, 0.664961, 0.664965, 0.677214, 0.677225, 0.677245, 0.677245, 0.677252, 0.677252, 0.677930, 0.677947, 0.678423, 0.678426, 0.685412, 0.685443, 0.686050, 0.686061, 0.689275, 0.689287]
NS(34)[10]: [0.595669, 0.595669, 0.606926, 0.606926, 0.610009, 0.614898, 0.618412, 0.622915, 0.636554, 0.645559, 0.648843, 0.650902, 0.654218, 0.662741, 0.662741, 0.662964, 0.663592, 0.663683, 0.664156, 0.665220, 0.667751, 0.668657, 0.668657, 0.670037, 0.670241, 0.672803, 0.677012, 0.679379, 0.681922, 0.684649, 0.689101, 0.690042, 0.692006, 0.692466]
NS(34)[15]: [0.618219, 0.618219, 0.624218, 0.625000, 0.625000, 0.636293, 0.642612, 0.642612, 0.643233, 0.653371, 0.657655, 0.657655, 0.659398, 0.661926, 0.662749, 0.662779, 0.664849, 0.664988, 0.669071, 0.671994, 0.671994, 0.673444, 0.673748, 0.674407, 0.674738, 0.677664, 0.677664, 0.678234, 0.679697, 0.679981, 0.680736, 0.682805, 0.683246, 0.688378]
NS(34)[25]: [0.609180, 0.609180, 0.609180, 0.609180, 0.609180, 0.629862, 0.629862, 0.629862, 0.629862, 0.629862, 0.651279, 0.651279, 0.675323, 0.675323, 0.684677, 0.684677, 0.684677, 0.684677, 0.684677, 0.684677, 0.684678, 0.684678, 0.684678, 0.684678, 0.684678, 0.684679, 0.684679, 0.684679, 0.684679, 0.684679, 0.684680, 0.684680, 0.684680, 0.684681]
NS(34)[35]: [0.607749, 0.607749, 0.607749, 0.607749, 0.623648, 0.632307, 0.641204, 0.641204, 0.644251, 0.644848, 0.644848, 0.647031, 0.651112, 0.655598, 0.655598, 0.660167, 0.660167, 0.662803, 0.662803, 0.664969, 0.678956, 0.681369, 0.681369, 0.681558, 0.681558, 0.681985, 0.682758, 0.687882, 0.687882, 0.689636, 0.692634, 0.692634, 0.692958, 0.692958]
NS(34)[57]: [0.608171, 0.608171, 0.614177, 0.614177, 0.614178, 0.614178, 0.649497, 0.649497, 0.656055, 0.656055, 0.663796, 0.663796, 0.663797, 0.664122, 0.664123, 0.664582, 0.664582, 0.666542, 0.666542, 0.669354, 0.669354, 0.673912, 0.673912, 0.674744, 0.674744, 0.682867, 0.682867, 0.682868, 0.682868, 0.684010, 0.684011, 0.685617, 0.685618, 0.708012]
NS(34)[94]: [0.621689, 0.621689, 0.626636, 0.626636, 0.626637, 0.638120, 0.638120, 0.642486, 0.643594, 0.663883, 0.663885, 0.664142, 0.664142, 0.664146, 0.664146, 0.665125, 0.665131, 0.665218, 0.665223, 0.669308, 0.672985, 0.672987, 0.673403, 0.673403, 0.673408, 0.675502, 0.675510, 0.678393, 0.679518, 0.679526, 0.681803, 0.681803, 0.683312, 0.683312]
NS(35)[0]: [0.592761, 0.592761, 0.606312, 0.606312, 0.612587, 0.619911, 0.619911, 0.627459, 0.627459, 0.643198, 0.643198, 0.659353, 0.659353, 0.659353, 0.659353, 0.660948, 0.660948, 0.665006, 0.665006, 0.665006, 0.665006, 0.667147, 0.667147, 0.667702, 0.667702, 0.670854, 0.670854, 0.675309, 0.675309, 0.675809, 0.675810, 0.690646, 0.690647, 0.696089, 0.696089]
NS(35)[1]: [0.620660, 0.620660, 0.620660, 0.620660, 0.620660, 0.620660, 0.652126, 0.652126, 0.652126, 0.652126, 0.652127, 0.652127, 0.652127, 0.652127, 0.660181, 0.660181, 0.660181, 0.660181, 0.660181, 0.660181, 0.667996, 0.667996, 0.667996, 0.667996, 0.667996, 0.667996, 0.667996, 0.667996, 0.667996, 0.667996, 0.667996, 0.667996, 0.700490, 0.700490, 0.700490]
NS(35)[2]: [0.607063, 0.607063, 0.607065, 0.607065, 0.611150, 0.611150, 0.612481, 0.612483, 0.629150, 0.629151, 0.630711, 0.630711, 0.636731, 0.636731, 0.643812, 0.643815, 0.654215, 0.654217, 0.655196, 0.655197, 0.660834, 0.660834, 0.667275, 0.667277, 0.674784, 0.674784, 0.679474, 0.679474, 0.682275, 0.685822, 0.685826, 0.691747, 0.691747, 0.691748, 0.691748]
NS(35)[5]: [0.606370, 0.606370, 0.610432, 0.610432, 0.614261, 0.614261, 0.614261, 0.614261, 0.617795, 0.620671, 0.620671, 0.630671, 0.637758, 0.637758, 0.649320, 0.649320, 0.657639, 0.663533, 0.663767, 0.663767, 0.671031, 0.672828, 0.672828, 0.674136, 0.674136, 0.674136, 0.674136, 0.681250, 0.681250, 0.682068, 0.682068, 0.682068, 0.682068, 0.683991, 0.698064]
NS(35)[6]: [0.601535, 0.601535, 0.610650, 0.615523, 0.616921, 0.629401, 0.637550, 0.640762, 0.641340, 0.644831, 0.649827, 0.652392, 0.652392, 0.657314, 0.658990, 0.658990, 0.660022, 0.662357, 0.663349, 0.667053, 0.668803, 0.670060, 0.670705, 0.671433, 0.672645, 0.678199, 0.678464, 0.678729, 0.680370, 0.681611, 0.683913, 0.685282, 0.688352, 0.689723, 0.693771]
NS(35)[11]: [0.603409, 0.603409, 0.603410, 0.607794, 0.607794, 0.607794, 0.623968, 0.642474, 0.642478, 0.644554, 0.644556, 0.651947, 0.653878, 0.653879, 0.655311, 0.655312, 0.656904, 0.656906, 0.659258, 0.659258, 0.659261, 0.659261, 0.660807, 0.668704, 0.668704, 0.679618, 0.679623, 0.679794, 0.679794, 0.685622, 0.685622, 0.685623, 0.691759, 0.693623, 0.708357]
NS(35)[13]: [0.603057, 0.603057, 0.603057, 0.603057, 0.603057, 0.603057, 0.603930, 0.615052, 0.649264, 0.649264, 0.649264, 0.662663, 0.662663, 0.662663, 0.666029, 0.666029, 0.666029, 0.672942, 0.672942, 0.672942, 0.675451, 0.675451, 0.675451, 0.676423, 0.676423, 0.676423, 0.677892, 0.677892, 0.677892, 0.680000, 0.680000, 0.680000, 0.682571, 0.682571, 0.682571]
NS(35)[18]: [0.606313, 0.606313, 0.606313, 0.606313, 0.607206, 0.629006, 0.629006, 0.638528, 0.638528, 0.646082, 0.646083, 0.656909, 0.656911, 0.661024, 0.661025, 0.666386, 0.666386, 0.666386, 0.666386, 0.669787, 0.669787, 0.671479, 0.671480, 0.672651, 0.672652, 0.672674, 0.672674, 0.681210, 0.681211, 0.687746, 0.687747, 0.691268, 0.691268, 0.692539, 0.692540]
NS(35)[24]: [0.607657, 0.607657, 0.610098, 0.610098, 0.611257, 0.612515, 0.616055, 0.622625, 0.627161, 0.641568, 0.642561, 0.642771, 0.642771, 0.655463, 0.656715, 0.657396, 0.657396, 0.659226, 0.659306, 0.661969, 0.666251, 0.666479, 0.666826, 0.667823, 0.668191, 0.670911, 0.671518, 0.675595, 0.676740, 0.676740, 0.678606, 0.681349, 0.684080, 0.684768, 0.690175]
NS(35)[33]: [0.601434, 0.601434, 0.601435, 0.601435, 0.605308, 0.605308, 0.607656, 0.607656, 0.621062, 0.621063, 0.632624, 0.632625, 0.651871, 0.651872, 0.654670, 0.654671, 0.656769, 0.656771, 0.665382, 0.665384, 0.666817, 0.666820, 0.667671, 0.667674, 0.671223, 0.671224, 0.675448, 0.675449, 0.682758, 0.682760, 0.686053, 0.686055, 0.688709, 0.691614, 0.691614]
NS(36)[0]: [0.607701, 0.607701, 0.608758, 0.608758, 0.609583, 0.622626, 0.632918, 0.633610, 0.633610, 0.635258, 0.635258, 0.640938, 0.640938, 0.645010, 0.652903, 0.657857, 0.660273, 0.661830, 0.662910, 0.663085, 0.663287, 0.670362, 0.674432, 0.674954, 0.675186, 0.675763, 0.675978, 0.677122, 0.677392, 0.679163, 0.679783, 0.680722, 0.686028, 0.686936, 0.690665, 0.698003]
NS(36)[1]: [0.621783, 0.621783, 0.621783, 0.638964, 0.638990, 0.641332, 0.646648, 0.646648, 0.646648, 0.646648, 0.646662, 0.646662, 0.646662, 0.646662, 0.659060, 0.659060, 0.659060, 0.659060, 0.659093, 0.659093, 0.661671, 0.661671, 0.661698, 0.661698, 0.662669, 0.662687, 0.669235, 0.669235, 0.673483, 0.673505, 0.678151, 0.678180, 0.683392, 0.683392, 0.689939, 0.689986]
NS(36)[2]: [0.595724, 0.595724, 0.606104, 0.606104, 0.606104, 0.616427, 0.616427, 0.619422, 0.642199, 0.642199, 0.651264, 0.651264, 0.663701, 0.663701, 0.663701, 0.663701, 0.663835, 0.663835, 0.663835, 0.663835, 0.666677, 0.666677, 0.669920, 0.669920, 0.669920, 0.669920, 0.670289, 0.670289, 0.676853, 0.676853, 0.677215, 0.677215, 0.678908, 0.678908, 0.686558, 0.686558]
NS(36)[3]: [0.600717, 0.600717, 0.604254, 0.604254, 0.604928, 0.604928, 0.609797, 0.609797, 0.620359, 0.621988, 0.631044, 0.633273, 0.637719, 0.649917, 0.656698, 0.657711, 0.657711, 0.658209, 0.658836, 0.658897, 0.661777, 0.663374, 0.667236, 0.668180, 0.668188, 0.668238, 0.668918, 0.672979, 0.673705, 0.674541, 0.675918, 0.675994, 0.685777, 0.686003, 0.690729, 0.691683]
NS(36)[4]: [0.601854, 0.601854, 0.602617, 0.602617, 0.604972, 0.604972, 0.606215, 0.606215, 0.619837, 0.621641, 0.635740, 0.638575, 0.638980, 0.642310, 0.647397, 0.647881, 0.654290, 0.657070, 0.658048, 0.658048, 0.658541, 0.661563, 0.661563, 0.662031, 0.662665, 0.665890, 0.666478, 0.669473, 0.670467, 0.672012, 0.672427, 0.676394, 0.686085, 0.692630, 0.692650, 0.694093]
NS(36)[9]: [0.600185, 0.600185, 0.603042, 0.603042, 0.603042, 0.603042, 0.611586, 0.611586, 0.627143, 0.631449, 0.631564, 0.641587, 0.641587, 0.643205, 0.643208, 0.656916, 0.656916, 0.656917, 0.656917, 0.657576, 0.657582, 0.660645, 0.660645, 0.662806, 0.668081, 0.668083, 0.674384, 0.674387, 0.679223, 0.679866, 0.679867, 0.681826, 0.682118, 0.682118, 0.685742, 0.685743]
NS(36)[10]: [0.593209, 0.593209, 0.602256, 0.610459, 0.610626, 0.610626, 0.614506, 0.636817, 0.644686, 0.648878, 0.650153, 0.651224, 0.653411, 0.653411, 0.660261, 0.660261, 0.662890, 0.662890, 0.665956, 0.667458, 0.668629, 0.670151, 0.671668, 0.671845, 0.672040, 0.672040, 0.672637, 0.674101, 0.675568, 0.681689, 0.682325, 0.682789, 0.683495, 0.683571, 0.686773, 0.691875]
NS(36)[11]: [0.606644, 0.606644, 0.607854, 0.607854, 0.608189, 0.608989, 0.617987, 0.630511, 0.640532, 0.645149, 0.645149, 0.645789, 0.648178, 0.649723, 0.649723, 0.652118, 0.653547, 0.653676, 0.654019, 0.658711, 0.659864, 0.661076, 0.661613, 0.661621, 0.663829, 0.664115, 0.667073, 0.669710, 0.670448, 0.670448, 0.675673, 0.677860, 0.679222, 0.685158, 0.688886, 0.691620]
NS(36)[15]: [0.602302, 0.602302, 0.605412, 0.605756, 0.606207, 0.606207, 0.609342, 0.609342, 0.625394, 0.636651, 0.637728, 0.638655, 0.640037, 0.641807, 0.643848, 0.650297, 0.652642, 0.652711, 0.653377, 0.653377, 0.654461, 0.657386, 0.657993, 0.658010, 0.659685, 0.659685, 0.671082, 0.672522, 0.672958, 0.674539, 0.674985, 0.675850, 0.679670, 0.680873, 0.690717, 0.690717]
NS(36)[18]: [0.604272, 0.604272, 0.606243, 0.606934, 0.617227, 0.618008, 0.620246, 0.624099, 0.639811, 0.639811, 0.643874, 0.643874, 0.645944, 0.645944, 0.648837, 0.651605, 0.655199, 0.657598, 0.658456, 0.660491, 0.661099, 0.661099, 0.664448, 0.665188, 0.666335, 0.667022, 0.671117, 0.672697, 0.673256, 0.673708, 0.674093, 0.674748, 0.676197, 0.679529, 0.684198, 0.685284]
NS(36)[21]: [0.606074, 0.606074, 0.606075, 0.606075, 0.607185, 0.625152, 0.636051, 0.636052, 0.648814, 0.648819, 0.654818, 0.654822, 0.655725, 0.655725, 0.655726, 0.655726, 0.657712, 0.657713, 0.660943, 0.660945, 0.669697, 0.669699, 0.671922, 0.671923, 0.674210, 0.674210, 0.676548, 0.676548, 0.676777, 0.676778, 0.678387, 0.678390, 0.680070, 0.680073, 0.692816, 0.692819]
NS(36)[29]: [0.623734, 0.623734, 0.623734, 0.623734, 0.637235, 0.637235, 0.644085, 0.644085, 0.644087, 0.644087, 0.650583, 0.650583, 0.650587, 0.650587, 0.653922, 0.653924, 0.660977, 0.660982, 0.661071, 0.661080, 0.662142, 0.662142, 0.662150, 0.662150, 0.666149, 0.666149, 0.669090, 0.669092, 0.670108, 0.670123, 0.671379, 0.671381, 0.673223, 0.673229, 0.676581, 0.676587]
NS(36)[30]: [0.584098, 0.584098, 0.607872, 0.609120, 0.611194, 0.612595, 0.613505, 0.626493, 0.633283, 0.640028, 0.640028, 0.640464, 0.644357, 0.644357, 0.646908, 0.647087, 0.649104, 0.653148, 0.654249, 0.654249, 0.654547, 0.655788, 0.657678, 0.657678, 0.661045, 0.662179, 0.662179, 0.664982, 0.666637, 0.668137, 0.678856, 0.678930, 0.679743, 0.681717, 0.692978, 0.695971]
NS(36)[36]: [0.586742, 0.586742, 0.612943, 0.612944, 0.613107, 0.613107, 0.623258, 0.633361, 0.634344, 0.636118, 0.636118, 0.636119, 0.636119, 0.646192, 0.649654, 0.649655, 0.650231, 0.650233, 0.651204, 0.651205, 0.656755, 0.656755, 0.658954, 0.658956, 0.661311, 0.661314, 0.667457, 0.667457, 0.669786, 0.672004, 0.672004, 0.680250, 0.681370, 0.681372, 0.695778, 0.698657]
NS(36)[38]: [0.627516, 0.627516, 0.627517, 0.636972, 0.636973, 0.638365, 0.640984, 0.640984, 0.640984, 0.640984, 0.649403, 0.649403, 0.653829, 0.653829, 0.658067, 0.658068, 0.664051, 0.664052, 0.665013, 0.665014, 0.665087, 0.665087, 0.665087, 0.665087, 0.666886, 0.666886, 0.666925, 0.666926, 0.667263, 0.667264, 0.668052, 0.668053, 0.669009, 0.669009, 0.678122, 0.678122]
NS(36)[41]: [0.595187, 0.595187, 0.604532, 0.611243, 0.611243, 0.621155, 0.623232, 0.641710, 0.641742, 0.641742, 0.652127, 0.652634, 0.653010, 0.653010, 0.655531, 0.657778, 0.658442, 0.658653, 0.658690, 0.659929, 0.661324, 0.662450, 0.662450, 0.663694, 0.664107, 0.665197, 0.665197, 0.665691, 0.665691, 0.667663, 0.673579, 0.675249, 0.683210, 0.686994, 0.689882, 0.693191]
NS(36)[45]: [0.617373, 0.617373, 0.619169, 0.619169, 0.624701, 0.626237, 0.647278, 0.647278, 0.647645, 0.647645, 0.653089, 0.653089, 0.655321, 0.655712, 0.656059, 0.657351, 0.657556, 0.658105, 0.658659, 0.658840, 0.660097, 0.662308, 0.662921, 0.662930, 0.665632, 0.668057, 0.668422, 0.668422, 0.668458, 0.668458, 0.669432, 0.673144, 0.674686, 0.676146, 0.676632, 0.681666]
NS(36)[68]: [0.608074, 0.608074, 0.617167, 0.617167, 0.617178, 0.617178, 0.619477, 0.631700, 0.637547, 0.637553, 0.640496, 0.640513, 0.642961, 0.642963, 0.648923, 0.659749, 0.659751, 0.660319, 0.668024, 0.668049, 0.668206, 0.668223, 0.669180, 0.669446, 0.669450, 0.669977, 0.669983, 0.670266, 0.670284, 0.670693, 0.674665, 0.674667, 0.677981, 0.677992, 0.684671, 0.696410]
NS(37)[0]: [0.596910, 0.596910, 0.603498, 0.610801, 0.612745, 0.615466, 0.621461, 0.628536, 0.640721, 0.644794, 0.646984, 0.647260, 0.647260, 0.647538, 0.647538, 0.648754, 0.649519, 0.650891, 0.651366, 0.651366, 0.654518, 0.657524, 0.657815, 0.660904, 0.661097, 0.661819, 0.661819, 0.662255, 0.663566, 0.666565, 0.669151, 0.674904, 0.677643, 0.677782, 0.678309, 0.678889, 0.682279]
NS(37)[1]: [0.609877, 0.609877, 0.609877, 0.613628, 0.613629, 0.623191, 0.623191, 0.631454, 0.631455, 0.632612, 0.632613, 0.637794, 0.637795, 0.638345, 0.638345, 0.641879, 0.641881, 0.645134, 0.645136, 0.654922, 0.654923, 0.654988, 0.654989, 0.660134, 0.660135, 0.660518, 0.660518, 0.662051, 0.662051, 0.663739, 0.663741, 0.667061, 0.667064, 0.677122, 0.677123, 0.679597, 0.679597]
NS(37)[2]: [0.600647, 0.600647, 0.600647, 0.600647, 0.604029, 0.604029, 0.604029, 0.604029, 0.627521, 0.627523, 0.637247, 0.637248, 0.637487, 0.637488, 0.641336, 0.641336, 0.641336, 0.641336, 0.648299, 0.648299, 0.648975, 0.648976, 0.651023, 0.651023, 0.668519, 0.668522, 0.670775, 0.670775, 0.670776, 0.670776, 0.672645, 0.672645, 0.678108, 0.678699, 0.678701, 0.686720, 0.686722]
NS(37)[3]: [0.604965, 0.604965, 0.604967, 0.604967, 0.609726, 0.609726, 0.609727, 0.609727, 0.620729, 0.620729, 0.645668, 0.645671, 0.646937, 0.646938, 0.647914, 0.647916, 0.651040, 0.651040, 0.651040, 0.651040, 0.658037, 0.658039, 0.662346, 0.662346, 0.663677, 0.663678, 0.664619, 0.664620, 0.666256, 0.666256, 0.672482, 0.672485, 0.674167, 0.674168, 0.685950, 0.686197, 0.686200]
NS(37)[4]: [0.592017, 0.592017, 0.602592, 0.610281, 0.611137, 0.615206, 0.615384, 0.642908, 0.647222, 0.648188, 0.648188, 0.649434, 0.652587, 0.653789, 0.653935, 0.654414, 0.654414, 0.655466, 0.655580, 0.655580, 0.655769, 0.655769, 0.657126, 0.657366, 0.657921, 0.659055, 0.659641, 0.662632, 0.665899, 0.668936, 0.669894, 0.674771, 0.674821, 0.677225, 0.684227, 0.685463, 0.686667]
NS(37)[5]: [0.604634, 0.604634, 0.605073, 0.605073, 0.605172, 0.610957, 0.616864, 0.617283, 0.618139, 0.618197, 0.621549, 0.624494, 0.625097, 0.625303, 0.626050, 0.644235, 0.644988, 0.647236, 0.650403, 0.653462, 0.655222, 0.655256, 0.657465, 0.657675, 0.659489, 0.662656, 0.664269, 0.668439, 0.670289, 0.673837, 0.674134, 0.675345, 0.683054, 0.687377, 0.688783, 0.689530, 0.689776]
NS(37)[6]: [0.600216, 0.600216, 0.602648, 0.607414, 0.609559, 0.612829, 0.622107, 0.634378, 0.640618, 0.647494, 0.651052, 0.651052, 0.653361, 0.654209, 0.657869, 0.658131, 0.658313, 0.658313, 0.659467, 0.660450, 0.661127, 0.662646, 0.663134, 0.663134, 0.663146, 0.666113, 0.667187, 0.667590, 0.669302, 0.669495, 0.669595, 0.669697, 0.673367, 0.673587, 0.673699, 0.674494, 0.677423]
NS(37)[7]: [0.599445, 0.599445, 0.606756, 0.606756, 0.606757, 0.606757, 0.615793, 0.615793, 0.623591, 0.623591, 0.635791, 0.636581, 0.637014, 0.641803, 0.647783, 0.647787, 0.649743, 0.649743, 0.649745, 0.649745, 0.650876, 0.650876, 0.650876, 0.659241, 0.665657, 0.665738, 0.665743, 0.670425, 0.670426, 0.674505, 0.674508, 0.677834, 0.677834, 0.679727, 0.679732, 0.680574, 0.680577]
NS(37)[8]: [0.600731, 0.600731, 0.600757, 0.600757, 0.603359, 0.603359, 0.605449, 0.606819, 0.623910, 0.633881, 0.634482, 0.640981, 0.640981, 0.643457, 0.643457, 0.649652, 0.651496, 0.652975, 0.653310, 0.658884, 0.660551, 0.660738, 0.662826, 0.662826, 0.664895, 0.665210, 0.666399, 0.668871, 0.670043, 0.670668, 0.673782, 0.674717, 0.676379, 0.678082, 0.678663, 0.682436, 0.688379]
NS(37)[9]: [0.603359, 0.603359, 0.603998, 0.603998, 0.604763, 0.604763, 0.610375, 0.610375, 0.621450, 0.630841, 0.635867, 0.643380, 0.646865, 0.654043, 0.654158, 0.656189, 0.656465, 0.659376, 0.660415, 0.660460, 0.662292, 0.663997, 0.666390, 0.666390, 0.666479, 0.667498, 0.668279, 0.670925, 0.672130, 0.673278, 0.673476, 0.675380, 0.676237, 0.676237, 0.680417, 0.684926, 0.689370]
NS(37)[10]: [0.601645, 0.601645, 0.601645, 0.601645, 0.603200, 0.603200, 0.603200, 0.603200, 0.612342, 0.612342, 0.636693, 0.636693, 0.655183, 0.655183, 0.662091, 0.662091, 0.662810, 0.662810, 0.662810, 0.662810, 0.663938, 0.663938, 0.668671, 0.668671, 0.669042, 0.669042, 0.673441, 0.673441, 0.674383, 0.674383, 0.674600, 0.674600, 0.677014, 0.681057, 0.681057, 0.691694, 0.691694]
NS(37)[13]: [0.598769, 0.598769, 0.599711, 0.599711, 0.601837, 0.601837, 0.610781, 0.612652, 0.626890, 0.634764, 0.639835, 0.639835, 0.641062, 0.644271, 0.645530, 0.647275, 0.648628, 0.653607, 0.656259, 0.657412, 0.657974, 0.659568, 0.660214, 0.663915, 0.666591, 0.667744, 0.667744, 0.668333, 0.668531, 0.669477, 0.669996, 0.669996, 0.670832, 0.672824, 0.676697, 0.678318, 0.689976]
NS(37)[14]: [0.597390, 0.597390, 0.608075, 0.608075, 0.610448, 0.610448, 0.610448, 0.643822, 0.643822, 0.649342, 0.649342, 0.652541, 0.652541, 0.652541, 0.652541, 0.654843, 0.654843, 0.663966, 0.663966, 0.663966, 0.663966, 0.666557, 0.666557, 0.670191, 0.670191, 0.670489, 0.670489, 0.671511, 0.671511, 0.673969, 0.673969, 0.680485, 0.680485, 0.682395, 0.682395, 0.687132, 0.687132]
NS(37)[15]: [0.608673, 0.608673, 0.608673, 0.617132, 0.618972, 0.618972, 0.619927, 0.624909, 0.624909, 0.624910, 0.624910, 0.626514, 0.626515, 0.637898, 0.640109, 0.644935, 0.644937, 0.652323, 0.652323, 0.654655, 0.654656, 0.654704, 0.654707, 0.655295, 0.655296, 0.659314, 0.659315, 0.660774, 0.660774, 0.672371, 0.672375, 0.673626, 0.680424, 0.680440, 0.680440, 0.680443, 0.701027]
NS(37)[18]: [0.606174, 0.606174, 0.609177, 0.609177, 0.609179, 0.609179, 0.610561, 0.610561, 0.621882, 0.623894, 0.634383, 0.648108, 0.648121, 0.649465, 0.649476, 0.650181, 0.650181, 0.650186, 0.650186, 0.655680, 0.655689, 0.669198, 0.669200, 0.669588, 0.669589, 0.673060, 0.673060, 0.673065, 0.673071, 0.673071, 0.673083, 0.675203, 0.675229, 0.675279, 0.675281, 0.676275, 0.685603]
NS(37)[20]: [0.618841, 0.618841, 0.618841, 0.618841, 0.618841, 0.618842, 0.624258, 0.624258, 0.624259, 0.628049, 0.628049, 0.628049, 0.640016, 0.640016, 0.640016, 0.640016, 0.640017, 0.640017, 0.643428, 0.643428, 0.643428, 0.643428, 0.643428, 0.643428, 0.655859, 0.655859, 0.655859, 0.665158, 0.665158, 0.665158, 0.671171, 0.671171, 0.671171, 0.671171, 0.682217, 0.682217, 0.682218]
NS(37)[30]: [0.599162, 0.599162, 0.613952, 0.613952, 0.616783, 0.616783, 0.622271, 0.622271, 0.644207, 0.644207, 0.648382, 0.648382, 0.651291, 0.651291, 0.651585, 0.659011, 0.659011, 0.662994, 0.662995, 0.669645, 0.669645, 0.669955, 0.669955, 0.670082, 0.670757, 0.670757, 0.670883, 0.670883, 0.670883, 0.670883, 0.672094, 0.672094, 0.673075, 0.673075, 0.674015, 0.681847, 0.696918]
NS(37)[34]: [0.631037, 0.631037, 0.631037, 0.631037, 0.631037, 0.631037, 0.643206, 0.643206, 0.643206, 0.643206, 0.643206, 0.643206, 0.653984, 0.653985, 0.653985, 0.659539, 0.659540, 0.659540, 0.663973, 0.663973, 0.663973, 0.664625, 0.664625, 0.664625, 0.667591, 0.667591, 0.667591, 0.667635, 0.667635, 0.667635, 0.668720, 0.671382, 0.671382, 0.671383, 0.674466, 0.674466, 0.674466]
NS(37)[35]: [0.609224, 0.609224, 0.609228, 0.609228, 0.609229, 0.609229, 0.613535, 0.613536, 0.613543, 0.615519, 0.615523, 0.615534, 0.630213, 0.630217, 0.630220, 0.646166, 0.646168, 0.646172, 0.657210, 0.657215, 0.657221, 0.660841, 0.660843, 0.660846, 0.666084, 0.666093, 0.666111, 0.675504, 0.675506, 0.675514, 0.676205, 0.676207, 0.676226, 0.687807, 0.687828, 0.687828, 0.688910]
NS(37)[48]: [0.630572, 0.630572, 0.635542, 0.635542, 0.637399, 0.637401, 0.644442, 0.644442, 0.644442, 0.646955, 0.646957, 0.654660, 0.654661, 0.655792, 0.655793, 0.657676, 0.657677, 0.661867, 0.661869, 0.663135, 0.663307, 0.663308, 0.665052, 0.665055, 0.669684, 0.669685, 0.671867, 0.671867, 0.671869, 0.671869, 0.672131, 0.673140, 0.674886, 0.678257, 0.678258, 0.682929, 0.686341]
NS(37)[49]: [0.601771, 0.601771, 0.603880, 0.603880, 0.610259, 0.611776, 0.620345, 0.646682, 0.646682, 0.650127, 0.650673, 0.656379, 0.656425, 0.656425, 0.656813, 0.656988, 0.656988, 0.659013, 0.661148, 0.661148, 0.661155, 0.663133, 0.663241, 0.664078, 0.664402, 0.666326, 0.667302, 0.668240, 0.671339, 0.674978, 0.675056, 0.675072, 0.677032, 0.680270, 0.681650, 0.682699, 0.683283]
NS(37)[59]: [0.598341, 0.598341, 0.605841, 0.610031, 0.610031, 0.610600, 0.613151, 0.641068, 0.646988, 0.649434, 0.649604, 0.649944, 0.649944, 0.651317, 0.652394, 0.654457, 0.654457, 0.655314, 0.657258, 0.657541, 0.657918, 0.658628, 0.660404, 0.660404, 0.662364, 0.663006, 0.664812, 0.667252, 0.669304, 0.676067, 0.676164, 0.676164, 0.676447, 0.676898, 0.677586, 0.682815, 0.688174]
NS(37)[64]: [0.594558, 0.594558, 0.606730, 0.607453, 0.609499, 0.613731, 0.613731, 0.645946, 0.645946, 0.647111, 0.649550, 0.649830, 0.651359, 0.651359, 0.652581, 0.652751, 0.652751, 0.653817, 0.654315, 0.656340, 0.656340, 0.656945, 0.657488, 0.658427, 0.659595, 0.659845, 0.660232, 0.660997, 0.661578, 0.665596, 0.670068, 0.670068, 0.674018, 0.677311, 0.681397, 0.682160, 0.688682]
NS(37)[74]: [0.601148, 0.601148, 0.601148, 0.601148, 0.617084, 0.617316, 0.629927, 0.629927, 0.643410, 0.643410, 0.649210, 0.649210, 0.649640, 0.649640, 0.654856, 0.655587, 0.656256, 0.656765, 0.656765, 0.657483, 0.657483, 0.663670, 0.663917, 0.665565, 0.665565, 0.667115, 0.667115, 0.674071, 0.674071, 0.675826, 0.675826, 0.677703, 0.685513, 0.685513, 0.686036, 0.686036, 0.696771]
NS(37)[78]: [0.595102, 0.595102, 0.605915, 0.605916, 0.617037, 0.628300, 0.634894, 0.634894, 0.634894, 0.634894, 0.647767, 0.649569, 0.649569, 0.649570, 0.653322, 0.653322, 0.653499, 0.653499, 0.655556, 0.659256, 0.659256, 0.661372, 0.661372, 0.665787, 0.668511, 0.668511, 0.669984, 0.669984, 0.673162, 0.674608, 0.674608, 0.677378, 0.678811, 0.678811, 0.687394, 0.687875, 0.687876]
NS(37)[89]: [0.597044, 0.597044, 0.597044, 0.597044, 0.597517, 0.597517, 0.599690, 0.599690, 0.629575, 0.629575, 0.636466, 0.636466, 0.637211, 0.637211, 0.640768, 0.640768, 0.640768, 0.640768, 0.649660, 0.649660, 0.650238, 0.650238, 0.653860, 0.653860, 0.658799, 0.658799, 0.659462, 0.659462, 0.659462, 0.659462, 0.663053, 0.663053, 0.669374, 0.669374, 0.683281, 0.695178, 0.695178]

Batch simulation complete!
Discovered 216 unique structures for n=2 to 37
----------------------------------------
hostuser@84bb75367bbb:/code/CODE/3dnparticles$ 
